2 10 1.00 12 0 12 9 3 12 2001
2 11 1.46 13 6 7 7 12 19 2002
1 8 1.22 9 2 7 7 4 11 2003
0 11 1.45 11 4 7 3 13 16 2004
0 6 1.67 6 3 3 2 8 10 2005
2 10 1.42 12 5 7 3 14 17 2006
2 13 1.67 15 9 6 13 12 25 2007
5 14 1.21 19 4 15 4 19 23 2008
2 10 1.17 12 2 10 2 12 14 2009
0 16 1.44 16 6 10 9 14 23 2010
2 17 1.26 19 5 14 8 16 24 2011
7 19 1.38 26 9 17 18 18 36 2012
3 18 1.24 21 5 16 6 20 26 2013
2 13 1.60 15 8 7 12 12 24 2014
1 7 1.63 8 5 3 4 9 13 2015
0 8 1.62 8 4 4 5 8 13 2016
0 4 1.50 4 1 3 5 1 6 2017