12 0 7 0 0 0 0 0 0 0 0 0 1 0 0 3 0 0 0 0 1 2001
19 0 2 0 0 0 0 0 0 0 0 2 0 0 0 12 0 0 0 0 3 2002
11 0 2 0 1 0 0 0 0 0 0 0 0 0 0 4 0 0 0 0 4 2003
16 0 2 0 1 0 0 0 0 0 0 0 0 0 0 13 0 0 0 0 0 2004
10 0 0 0 0 0 0 0 0 0 0 0 0 2 0 8 0 0 0 0 0 2005
17 0 0 0 0 0 0 0 0 0 0 0 0 1 0 14 0 0 0 0 2 2006
25 0 0 0 2 0 0 0 0 0 1 0 0 0 0 12 0 0 2 0 8 2007
23 0 0 0 0 0 0 0 1 0 0 0 0 0 0 19 0 1 0 0 2 2008
14 0 0 0 0 0 0 0 1 0 0 0 0 0 0 12 1 0 0 0 0 2009
23 0 2 0 0 1 0 0 0 0 0 0 0 0 0 14 0 0 1 0 5 2010
24 0 3 0 0 0 0 0 0 0 0 0 1 0 0 16 0 0 2 0 2 2011
36 1 1 0 0 0 1 2 0 1 0 0 1 1 0 18 1 0 2 1 6 2012
26 0 4 0 0 0 0 0 0 0 0 1 0 0 0 20 0 0 1 0 0 2013
24 0 2 2 0 0 0 0 0 0 0 0 1 2 0 12 0 0 1 0 4 2014
13 0 1 0 0 0 0 0 1 0 0 0 0 0 0 9 0 0 1 0 1 2015
13 0 2 0 0 0 1 0 0 0 0 0 0 0 1 8 0 0 1 0 0 2016
6 0 2 0 0 0 0 0 0 0 0 0 0 0 0 1 0 0 0 0 3 2017
